OBJECTID,ZCTA,SQMETER_LAND,SQMETER_WATER,SQMETER_TOTAL,SQMILES_TOTAL,POPCOUNT,HOUSINGCOUNT,LATITUDE,LONGITUDE
1,95138,67519790,0,67519790,26.0695366667147,18889,5891,37.2466209,-121.73384
2,95120,102966010,1854148,104820158,40.4712892678106,37457,12785,37.1861406,-121.8435544
3,95136,12260084,12748,12272832,4.73856692724354,42989,15448,37.2700582,-121.851333
4,95123,21542559,9784,21552343,8.32140615502671,62228,22035,37.244238,-121.8316038
5,94304,16830141,47216,16877357,6.51638396903683,3627,2130,37.3747073,-122.1816969
6,94085,9039193,0,9039193,3.49005192923453,21247,8076,37.3885556,-122.0177396
7,95148,24409620,246839,24656459,9.51991204314834,45528,11747,37.3359871,-121.7776031
8,95127,33699820,0,33699820,13.0115732461799,61325,16416,37.3710786,-121.8007061
9,95119,7327319,8026,7335345,2.83219253852096,9970,3200,37.2300592,-121.7850999
10,95014,69748879,339868,70088747,27.0614165097461,60717,22035,37.3066102,-122.0806275
11,94043,27643575,1469,27645044,10.6738111627856,28358,13213,37.4218653,-122.070895
12,95129,11686153,0,11686153,4.51204889894263,38720,14517,37.3057398,-122.0009128
13,95128,10111701,0,10111701,3.9041495831423,34836,14295,37.3159759,-121.9363128
14,95117,6659925,0,6659925,2.57141141856439,30067,11263,37.3111809,-121.9618699
15,95037,630183859,6306799,636490658,245.750416977783,45579,15626,37.1740628,-121.5987469
16,95008,16543756,245738,16789494,6.48245987507642,45260,19410,37.2785631,-121.9551011
17,95134,24563311,749561,25312872,9.77335451937654,15268,7068,37.42765,-121.9454155
18,95139,3188071,0,3188071,1.23092109484626,6748,2260,37.2249138,-121.7640753
19,95110,12086351,0,12086351,4.66656621060704,18730,6339,37.3466084,-121.9098714
20,95070,66031411,63460,66094871,25.5193723649951,30617,11379,37.257287,-122.0451637
21,95131,15058227,0,15058227,5.81401394927639,28565,9231,37.3871046,-121.8974153
22,95054,16222835,0,16222835,6.26367161199053,23364,8891,37.3934897,-121.9646717
23,94089,15520469,31519,15551988,6.0046561372052,19245,7530,37.4124017,-122.0156049
24,95013,3954839,0,3954839,1.52697187478594,80,32,37.2154211,-121.7414235
25,95032,41143975,357660,41501635,16.0238708586195,25089,10568,37.2168216,-121.9265476
26,95112,18370035,0,18370035,7.09271016692042,55927,20763,37.3445069,-121.8835374
27,95035,60201550,154186,60355736,23.3034799530412,66943,19874,37.4436378,-121.8749528
28,95126,8501814,0,8501814,3.28256873735223,31049,13815,37.3268034,-121.9167649
29,95113,883438,0,883438,0.341097318782672,893,992,37.3337071,-121.8910489
30,94022,45294442,0,45294442,17.4882818284444,18500,7479,37.3574722,-122.1444157
31,95140,320449305,204269,320653574,123.805037081811,191,130,37.3935034,-121.6200089
32,95135,79227374,6249,79233623,30.5922728734071,20120,7373,37.286454,-121.6883597
33,95111,13969546,18008,13987554,5.40062479282965,58466,15511,37.2831109,-121.8262447
34,94086,11617938,0,11617938,4.48571094019424,45697,19359,37.3716472,-122.0231525
35,95118,10735870,0,10735870,4.14514258136884,31932,11544,37.2555193,-121.8899815
36,94024,18910937,0,18910937,7.30155359670744,22385,8178,37.3522516,-122.0943371
37,95116,9273431,0,9273431,3.58049172665893,51496,13663,37.3504658,-121.852602
38,94305,13280359,117653,13398012,5.17300135404869,13862,4020,37.4179401,-122.1714696
39,95053,442035,0,442035,0.170670667673451,2206,21,37.3487251,-121.9375595
40,95020,403878926,2310058,406188984,156.830443518909,57349,17629,37.0184186,-121.5542487
41,95132,132004424,5251020,137255444,52.9946232069768,40299,11899,37.424655,-121.7484096
42,95051,17244623,0,17244623,6.65818616441448,54327,21119,37.3486514,-121.9843764
43,95125,20732334,0,20732334,8.00479891006141,51939,21640,37.2950965,-121.8914296
44,95050,13667199,0,13667199,5.27693503581374,35923,14855,37.3511577,-121.9522952
45,94040,9554256,0,9554256,3.68891886534568,32996,14492,37.3805664,-122.0852861
46,95002,31006231,5973821,36980052,14.2780779020642,2077,614,37.4385253,-122.0112456
47,95130,4034677,0,4034677,1.55779749892365,13911,5175,37.2771208,-121.9861325
48,95122,12351716,0,12351716,4.76902420992195,56545,12702,37.3286996,-121.835328
49,95121,11479041,0,11479041,4.43208250867221,37469,9625,37.3041513,-121.8098613
50,95030,27046433,0,27046433,10.4426861635284,12791,5711,37.2227879,-121.9832743
51,95133,8241772,0,8241772,3.18216595982751,25401,7651,37.3716453,-121.8607642
52,94087,17048754,0,17048754,6.58256072071312,54293,20977,37.3515281,-122.0369618
53,94301,6146453,0,6146453,2.37315877098756,16995,8109,37.4441219,-122.1499154
54,95124,17015453,0,17015453,6.56970313272983,47082,17345,37.2567659,-121.9227638
55,94041,3962150,0,3962150,1.52979466766741,13292,6331,37.3885275,-122.0757336
56,94306,10843552,0,10843552,4.1867188340104,26469,11243,37.4157275,-122.1307647
57,95046,50452242,108511,50560753,19.521615873364,6417,1954,37.0993077,-121.5992405
